#! FIELDS time rmsd
 0.050000 0.236230
 0.100000 0.410763
 0.150000 0.557863
 0.200000 0.697859
 0.250000 0.825606
 0.300000 0.944839
 0.350000 1.062476
 0.400000 1.179714
 0.450000 1.293643
 0.500000 1.403546
 0.550000 1.506149
 0.600000 1.605182
 0.650000 1.700092
 0.700000 1.786493
 0.750000 1.867931
 0.800000 1.949426
 0.850000 2.029266
 0.900000 2.112668
 0.950000 2.188358
 1.000000 2.253200
 1.050000 2.323408
 1.100000 2.395969
 1.150000 2.471248
 1.200000 2.550534
 1.250000 2.625386
 1.300000 2.699431
 1.350000 2.776188
 1.400000 2.841805
 1.450000 2.903639
 1.500000 2.966486
 1.550000 3.026788
 1.600000 3.093834
 1.650000 3.164805
 1.700000 3.228846
 1.750000 3.289998
 1.800000 3.345445
 1.850000 3.401416
 1.900000 3.464292
 1.950000 3.528401
 2.000000 3.595664
 2.050000 3.655778
 2.100000 3.708957
 2.150000 3.761986
 2.200000 3.822996
 2.250000 3.885658
 2.300000 3.943887
 2.350000 3.999022
 2.400000 4.051217
 2.450000 4.105736
 2.500000 4.154197
 2.550000 4.211038
 2.600000 4.267930
 2.650000 4.310792
 2.700000 4.346154
 2.750000 4.380756
 2.800000 4.416987
 2.850000 4.457762
 2.900000 4.497926
 2.950000 4.537729
 3.000000 4.581962
 3.050000 4.625326
 3.100000 4.676064
 3.150000 4.725536
 3.200000 4.769244
 3.250000 4.807053
 3.300000 4.850441
 3.350000 4.892866
 3.400000 4.934202
 3.450000 4.978187
 3.500000 5.016289
 3.550000 5.046207
 3.600000 5.078061
 3.650000 5.107867
 3.700000 5.139503
 3.750000 5.174772
 3.800000 5.205221
 3.850000 5.235904
 3.900000 5.263222
 3.950000 5.285987
 4.000000 5.315286
 4.050000 5.346036
 4.100000 5.372315
 4.150000 5.413007
 4.200000 5.442050
 4.250000 5.460008
 4.300000 5.481478
 4.350000 5.501066
 4.400000 5.522417
 4.450000 5.546570
 4.500000 5.573178
 4.550000 5.593904
 4.600000 5.610160
 4.650000 5.623036
 4.700000 5.643183
 4.750000 5.659547
 4.800000 5.681547
 4.850000 5.712379
 4.900000 5.737178
 4.950000 5.757154
 5.000000 5.773794
