#! FIELDS time rmsd
 0.050000 0.232781
 0.100000 0.392180
 0.150000 0.502692
 0.200000 0.576929
 0.250000 0.622982
 0.300000 0.660339
 0.350000 0.697523
 0.400000 0.736036
 0.450000 0.776705
 0.500000 0.819153
 0.550000 0.863960
 0.600000 0.913521
 0.650000 0.962873
 0.700000 1.007308
 0.750000 1.051939
 0.800000 1.099899
 0.850000 1.150924
 0.900000 1.193245
 0.950000 1.222343
 1.000000 1.251373
 1.050000 1.282415
 1.100000 1.310150
 1.150000 1.330620
 1.200000 1.346261
 1.250000 1.358800
 1.300000 1.371737
 1.350000 1.381949
 1.400000 1.396739
 1.450000 1.418537
 1.500000 1.435301
 1.550000 1.458937
 1.600000 1.487559
 1.650000 1.518739
 1.700000 1.544161
 1.750000 1.569809
 1.800000 1.591644
 1.850000 1.606316
 1.900000 1.621792
 1.950000 1.638227
 2.000000 1.652488
 2.050000 1.669255
 2.100000 1.699426
 2.150000 1.734363
 2.200000 1.770951
 2.250000 1.810433
 2.300000 1.851019
 2.350000 1.882951
 2.400000 1.914774
 2.450000 1.951765
 2.500000 1.991410
 2.550000 2.024803
 2.600000 2.056070
 2.650000 2.079715
 2.700000 2.098454
 2.750000 2.110721
 2.800000 2.123513
 2.850000 2.141630
 2.900000 2.163352
 2.950000 2.187195
 3.000000 2.213097
 3.050000 2.238558
 3.100000 2.261590
 3.150000 2.275683
 3.200000 2.285689
 3.250000 2.299604
 3.300000 2.313921
 3.350000 2.327569
 3.400000 2.341025
 3.450000 2.350853
 3.500000 2.349355
 3.550000 2.342107
 3.600000 2.336658
 3.650000 2.334616
 3.700000 2.334928
 3.750000 2.329271
 3.800000 2.323629
 3.850000 2.323087
 3.900000 2.324841
 3.950000 2.322335
 4.000000 2.317334
 4.050000 2.318292
 4.100000 2.323968
 4.150000 2.337950
 4.200000 2.353502
 4.250000 2.368620
 4.300000 2.383995
 4.350000 2.399602
 4.400000 2.416845
 4.450000 2.438437
 4.500000 2.457689
 4.550000 2.475872
 4.600000 2.498355
 4.650000 2.514582
 4.700000 2.529288
 4.750000 2.544971
 4.800000 2.563304
 4.850000 2.579108
 4.900000 2.591087
 4.950000 2.599307
 5.000000 2.611794
