#! FIELDS time rmsd
 0.050000 0.247143
 0.100000 0.472684
 0.150000 0.698299
 0.200000 0.914852
 0.250000 1.122217
 0.300000 1.315852
 0.350000 1.506915
 0.400000 1.694151
 0.450000 1.871805
 0.500000 2.047240
 0.550000 2.221597
 0.600000 2.389462
 0.650000 2.548086
 0.700000 2.697657
 0.750000 2.841589
 0.800000 2.976967
 0.850000 3.114122
 0.900000 3.239614
 0.950000 3.360328
 1.000000 3.482083
 1.050000 3.592822
 1.100000 3.693296
 1.150000 3.804857
 1.200000 3.902579
 1.250000 3.990788
 1.300000 4.080511
 1.350000 4.152685
 1.400000 4.222534
 1.450000 4.294021
 1.500000 4.366743
 1.550000 4.429728
 1.600000 4.493393
 1.650000 4.564836
 1.700000 4.635096
 1.750000 4.701559
 1.800000 4.754682
 1.850000 4.812373
 1.900000 4.874325
 1.950000 4.944777
 2.000000 4.999949
 2.050000 5.048814
 2.100000 5.099096
 2.150000 5.157192
 2.200000 5.222473
 2.250000 5.275288
 2.300000 5.328346
 2.350000 5.371058
 2.400000 5.411118
 2.450000 5.464909
 2.500000 5.498361
 2.550000 5.536259
 2.600000 5.591046
 2.650000 5.618855
 2.700000 5.638730
 2.750000 5.674776
 2.800000 5.705343
 2.850000 5.731778
 2.900000 5.759984
 2.950000 5.788468
 3.000000 5.823831
 3.050000 5.857384
 3.100000 5.879051
 3.150000 5.904660
 3.200000 5.930450
 3.250000 5.960595
 3.300000 5.979001
 3.350000 6.001415
 3.400000 6.033362
 3.450000 6.056583
 3.500000 6.072706
 3.550000 6.101442
 3.600000 6.125272
 3.650000 6.146150
 3.700000 6.168478
 3.750000 6.197030
 3.800000 6.233191
 3.850000 6.252734
 3.900000 6.280033
 3.950000 6.314853
 4.000000 6.329660
 4.050000 6.349730
 4.100000 6.380755
 4.150000 6.404626
 4.200000 6.415499
 4.250000 6.432953
 4.300000 6.464032
 4.350000 6.480305
 4.400000 6.490027
 4.450000 6.506023
 4.500000 6.522342
 4.550000 6.526664
 4.600000 6.528933
 4.650000 6.533937
 4.700000 6.545477
 4.750000 6.555245
 4.800000 6.565401
 4.850000 6.580178
 4.900000 6.591355
 4.950000 6.611083
 5.000000 6.625866
