9.83303
6.70708
6.11204
5.67997
8.87791
8.75191
8.09076
8.19096
8.6514
4.21989
5.15409
5.28293
8.74998
9.17635
9.50711
8.53843
8.30619
5.21827
7.56747
3.4383
8.99113
7.87094
7.67189
9.66833
9.75747
5.73474
6.14654
4.24595
8.53184
5.36601
3.47385
5.18012
5.99442
9.53117
9.86563
9.74351
9.60255
6.5782
8.20863
7.13448
8.35072
7.43359
6.28476
4.52967
9.02065
8.9065
8.50795
7.36565
8.62433
4.26316
6.55135
5.22606
8.12048
6.88017
5.35807
5.60935
9.59929
8.85878
9.4357
9.88205
9.88446
9.38954
6.36116
8.11792
5.1725
7.81602
7.90603
6.28496
4.14015
8.94301
8.38217
8.13671
7.09103
8.46194
4.07558
6.65445
3.91024
7.49729
7.17669
5.19635
6.41328
9.82233
9.70495
9.5693
9.43682
9.83912
9.83116
6.88464
8.60409
5.26646
7.97523
7.49517
5.99582
4.50521
8.70077
9.26841
9.9915
7.47696
8.80288
4.4173
6.79603
3.57626
7.38641
6.94445
5.22703
5.78273
9.17081
9.46365
6.12948
7.90654
4.68834
7.55113
6.7085
6.03931
5.76118
9.13247
9.17837
8.52165
8.7564
8.27738
3.93631
6.82352
3.75874
7.76469
6.65231
5.29544
5.90959
9.48572
8.83502
9.16012
9.26906
8.32845
7.68841
4.9984
7.41274
7.20203
7.70092
3.74595
9.23952
8.33178
8.35439
9.65457
9.06693
5.53815
6.1336
3.907
8.82676
4.62093
3.37514
9.11466
7.33264
7.51073
5.32153
5.61464
8.87516
9.55807
9.57289
7.82308
8.90036
6.03155
7.79975
6.45561
7.8555
7.65447
6.28493
5.6897
8.75698
9.53957
9.1297
9.69245
8.29256
9.70237
7.49498
8.5932
8.01987
3.73863
6.50476
4.859
7.54643
7.07506
5.52254
4.9241
7.36943
9.04748
6.65601
9.17107
9.59371
9.24378
5.29369
5.99495
5.26079
9.70809
7.23496
5.86449
9.97881
9.14348
8.12424
8.03263
5.01005
8.52608
7.96396
8.7134
6.65197
8.70894
9.8356
7.58326
6.67058
9.10928
7.42869
5.59804
9.80604
7.8008
8.9748
6.8513
9.24584
7.09962
9.46689
9.20844
6.94942
5.98164
3.70856
8.97913
5.28321
3.41215
9.8462
7.86963
7.04224
4.90926
6.4719
7.81874
7.81829
9.12766
6.68518
5.86225
7.44406
5.89206
7.94998
9.96883
7.16916
7.4019
9.2029
7.68718
6.47254
9.28813
7.21577
7.14761
9.46355
6.33648
9.36552
8.29985
9.90906
9.4652
9.68437
6.82358
3.4732
7.84171
7.24264
9.41543
7.12044
6.65094
8.14527
6.88628
4.52351
9.16518
6.64653
5.78319
9.95608
9.81849
8.11597
8.28206
3.98252
7.35642
6.01622
8.98274
8.7758
9.99624
8.48873
9.7557
5.47735
5.97873
9.12977
9.97306
4.50108
6.34989
8.08077
8.66882
9.95939
9.24829
9.42754
8.85447
5.86131
6.74792
3.68933
3.89374
8.47973
7.98266
8.10282
6.71202
6.94418
4.74647
9.36627
8.8256
9.88056
5.93702
6.9492
6.09257
9.71512
4.9887
5.98937
8.31897
9.13675
9.40098
9.43028
9.51508
9.70624
9.99349
9.8911
9.40755
8.9509
9.0481
7.8319
6.40918
9.21897
5.39869
6.84294
8.61247
6.85798
5.73535
9.3319
9.9753
7.10807
7.1757
4.6726
8.48345
7.20417
7.6633
8.37808
9.06913
8.81081
7.44878
9.55127
9.1896
4.96887
3.51217
9.32048
7.04515
7.13222
9.20784
7.4271
4.16728
8.7267
4.27973
3.63372
8.93222
6.84774
6.93694
5.17323
5.81979
9.05371
9.36859
9.28337
6.36915
7.68956
7.1822
7.42513
6.54098
9.99738
9.30048
8.66698
9.2375
9.8762
6.27754
8.21122
6.63278
8.87425
7.93487
7.57422
6.01236
4.26758
8.83617
9.1816
8.94215
7.59168
8.43934
3.96469
6.38378
4.65789
7.994
7.08911
6.11568
9.5049
5.10375
5.94744
9.90087
8.79778
7.24199
7.37265
9.99509
6.42823
7.77388
4.63144
8.00512
8.14172
9.88283
6.0855
4.75202
9.04247
9.17852
8.71982
7.93622
8.5656
4.26266
6.4325
3.42378
7.37441
6.96532
9.51797
8.43406
5.29933
5.65374
9.3429
8.9176
9.05808
9.20274
7.81252
6.31616
7.78812
4.85472
7.12056
7.18692
6.13373
4.32294
8.80575
9.53218
9.7493
8.04014
8.46984
4.08365
6.10586
3.42376
9.87956
6.99367
6.9487
5.27613
5.73367
8.91536
9.31267
9.71592
9.96221
6.1184
7.79738
4.49264
7.45091
7.20304
6.07769
5.77082
9.42323
8.70331
9.18516
8.42536
8.51003
4.56429
6.74565
3.62697
7.30581
6.91057
5.30232
5.95594
8.665
9.04079
9.92493
8.23739
7.81338
4.56113
7.95459
7.60095
7.89495
4.37546
8.78536
7.40418
7.59883
9.66076
7.49454
6.04095
3.88733
8.68268
4.93464
3.7031
9.34642
7.40794
7.61023
5.5985
6.53831
9.26873
9.97234
7.93968
7.69222
6.19048
7.73544
7.02922
7.38879
3.65502
8.47128
8.04695
9.07861
8.98
6.68147
5.8392
3.61999
8.91327
4.68562
3.31007
9.13116
7.62137
7.98961
5.36377
5.62433
8.48009
6.06893
6.19155
4.86673
7.06379
6.62246
6.1879
5.906
9.08846
9.60368
6.97332
4.44996
9.91913
5.96407
4.23256
7.69492
6.77731
5.46403
6.08661
8.4041
9.45712
9.03161
9.09595
9.54208
5.18746
3.80572
9.55851
6.78405
6.71906
7.91346
5.35131
9.49235
8.67169
7.84936
8.58895
7.58345
6.35395
6.63278
4.93083
4.17248
9.36974
8.48565
7.76944
9.75517
8.926
5.76711
6.77152
8.89649
8.35774
9.34397
5.67779
8.56209
6.08617
6.84449
8.81318
6.56571
7.10463
9.03279
7.39264
3.4822
8.13986
9.36419
9.47138
4.28274
4.88941
6.37675
3.54502
6.18862
7.54343
8.13148
8.81549
9.8384
8.17109
9.38445
7.05928
8.4251
8.35333
8.83628
7.28276
9.22707
8.82376
5.05504
6.74995
7.05279
9.58805
9.47225
9.62435
8.71549
8.06542
9.3327
4.21073
4.7467
8.35467
6.97924
8.03081
8.12116
6.81814
5.78258
9.26287
9.20853
5.03244
9.51525
9.00836
9.29141
6.83685
5.7463
4.92747
9.34573
6.61957
7.4649
8.75127
7.315
6.7317
6.51653
8.58502
7.35818
3.63482
8.51884
7.06274
6.86604
8.7408
7.51683
4.88113
6.70657
8.78024
8.25752
5.51222
6.22072
9.96729
9.95107
9.3294
7.08727
4.77033
8.05108
6.69719
5.03247
9.70158
7.76431
8.54047
9.10688
6.73842
8.80664
7.77883
8.65458
6.52325
9.97795
8.10158
6.88071
8.53576
8.82596
8.40278
7.26528
7.61582
6.85792
5.40142
8.17857
5.51345
4.23263
9.41021
8.54603
7.30061
4.93
7.31718
8.74302
6.96248
5.52332
5.27678
9.30198
8.72434
8.73557
9.00217
9.8572
8.31833
3.81591
8.84503
8.99023
6.64277
6.77711
4.38206
8.38295
7.15038
7.37209
7.74403
9.95962
6.53852
9.31727
7.93183
5.33638
5.65607
7.94415
7.98917
8.83694
8.63353
9.86239
8.15892
9.44532
9.25067
6.8043
9.54352
7.59647
6.64909
8.40327
8.6356
8.82897
5.34925
6.64349
4.28693
6.26606
4.56079
9.97024
7.72087
8.71993
4.67052
6.26544
4.37973
9.27141
8.04907
5.1529
6.01542
9.07058
9.69546
9.46375
8.90392
6.23291
4.16873
8.82345
8.81986
8.61481
5.37857
6.11033
7.37685
9.51084
6.25795
4.60545
8.97602
9.61935
5.6093
6.73584
9.96839
6.00421
6.44925
8.94619
9.17076
9.67216
5.46454
5.59086
7.40083
4.75406
8.64214
7.66221
9.26772
5.44766
5.79226
7.34606
4.62756
8.53603
8.10798
9.19976
5.26656
6.26832
6.93934
4.63396
8.69705
7.71347
7.84668
9.40952
5.30929
5.55277
9.66564
7.60016
4.42911
8.85268
9.40521
9.16618
7.35327
5.22858
5.1923
9.09016
9.87835
9.02173
8.49016
8.4708
6.56953
9.02792
8.62719
5.1284
6.39609
4.13475
5.03955
6.57213
7.71206
9.92112
5.50672
6.20849
7.18171
9.30109
8.62468
9.68766
8.8735
6.73981
7.11615
4.97713
5.7447
5.82923
8.77139
8.161
9.38928
8.80104
6.91657
9.70425
6.67799
8.81265
9.83399
8.82297
8.52995
8.54043
5.63815
6.09883
6.95893
8.85186
6.71135
5.29366
6.33577
9.00128
7.95693
9.76221
9.13324
5.9899
7.35678
9.09939
7.77359
9.18885
6.53454
6.27308
9.16155
7.85885
8.50402
7.50171
9.41891
4.13339
4.92481
7.67219
5.6715
6.79547
5.07237
5.44961
7.46955
8.73691
7.91469
8.98358
7.68216
6.35498
7.96927
6.08492
4.2354
8.43375
8.43032
9.18046
9.43235
9.8684
5.38681
6.50833
5.88395
4.75391
8.55987
7.36053
9.46277
5.20814
6.13076
9.99142
9.25387
9.93745
8.78993
8.10847
9.49238
5.35835
7.00801
7.60049
7.83104
6.08081
5.2095
8.94575
8.67682
7.76872
8.59969
8.04855
6.72569
9.50156
4.56967
5.41241
7.98971
6.9762
9.18778
5.23306
5.80533
8.34396
9.24279
8.81618
9.85408
9.85156
5.69368
6.43098
5.66496
9.7231
6.49206
7.34396
7.98814
3.73335
9.75611
6.58816
8.472
6.49628
7.66433
7.08996
5.23109
5.64297
8.50472
9.52137
7.99555
9.43297
9.54269
6.77411
9.7519
8.66231
6.74829
9.85021
8.24522
9.34409
5.31121
6.75406
6.49646
8.87041
7.11699
9.9785
6.04076
5.69689
8.97164
9.09622
9.1987
8.77533
8.50983
4.12202
7.53815
6.65945
9.87751
5.26349
5.83622
8.96942
8.35794
8.23357
4.79824
9.69521
7.69579
3.8088
9.15164
7.69869
7.93999
9.08528
6.76407
6.28649
4.01327
9.34662
5.41848
3.2245
9.99232
9.29066
5.2221
5.93959
9.38499
8.61432
8.53332
7.03006
8.29488
7.24143
7.59241
4.43667
8.97307
7.6257
8.21729
9.74061
7.56454
6.59546
4.25983
9.44046
5.27838
3.68587
9.7692
7.41051
6.89015
5.45574
6.17685
8.62815
8.21487
6.63264
7.98506
7.44187
7.48044
4.0698
8.65375
7.30672
8.26795
9.7487
7.55878
6.46198
4.19291
9.18875
5.00562
3.55545
9.54356
7.42427
6.6633
5.26368
6.13051
9.70463
8.61588
8.15233
6.49375
7.37379
6.9911
7.42108
4.25888
8.98632
7.5194
7.24296
9.36671
7.32427
6.56437
4.17966
9.06059
5.26947
3.47462
9.61432
7.27997
6.62579
5.15552
6.05289
8.48061
9.76357
8.29827
7.75186
6.02488
7.17729
6.64462
9.64423
9.84365
7.60866
3.45759
8.83998
7.61216
7.28865
6.83236
6.25707
3.98791
8.9391
5.2924
3.57555
9.51574
7.51335
6.70626
5.20725
6.06065
9.26188
9.13792
6.91973
7.84245
6.16979
7.21541
6.59793
9.83901
9.79487
6.44937
4.22823
9.27628
8.55746
5.96224
7.33024
5.23767
7.99415
6.86083
5.20158
5.30682
8.32529
9.41814
9.2628
9.35516
9.56385
8.10718
8.85192
8.99622
4.65744
7.87257
4.68455
7.78032
7.05085
6.77515
8.09534
8.519
8.11656
8.71485
8.12702
9.53784
5.65569
8.74565
4.9486
8.17274
6.91878
5.43757
7.26257
7.66216
6.91921
9.05644
9.03927
9.59558
9.86306
6.5672
7.52018
5.17923
6.5683
8.44584
8.7546
6.70372
5.40518
9.73941
5.56997
6.66087
8.22463
8.83084
6.13128
6.42051
9.28124
8.85142
5.04314
7.06021
8.933
8.09351
4.01155
9.10394
7.25941
7.86373
5.39006
6.66922
7.42774
3.88612
8.51247
8.22882
8.33163
5.57375
6.02592
6.40284
4.766
9.3877
9.55375
8.85967
5.12267
5.77387
9.56674
6.00472
4.4427
9.11847
9.23971
8.84865
5.27844
6.16117
9.81772
9.96511
6.25421
4.52085
9.21301
9.28077
8.47394
5.4017
6.02734
9.36768
6.31187
4.13626
9.06794
9.07074
9.07281
5.28349
5.78796
6.31683
5.60064
9.21401
5.41043
5.86961
7.9174
7.66145
5.64965
6.89302
9.77388
7.49571
3.39921
8.68493
7.65134
7.50037
5.28159
5.82039
9.01474
6.1892
4.29194
8.77466
9.29961
9.48157
5.37159
5.69341
9.84308
6.21877
5.58325
9.06866
9.11291
8.34604
5.4346
5.55844
9.29284
9.94045
7.85715
3.67288
9.41666
8.06277
8.30978
5.30592
5.84272
6.1705
5.82838
8.93807
9.3655
9.87605
5.19712
5.87273
7.35191
4.28293
9.04788
8.1366
8.1415
5.28528
6.03416
7.28631
4.09311
9.00881
7.93428
8.37521
5.18815
5.76582
7.61748
4.51706
9.18953
8.025
7.70896
5.35595
6.13696
9.38804
7.30163
3.50955
8.68378
8.73399
8.3467
5.20414
6.27661
5.85723
5.61229
5.05223
