-0.55293
3.07525
1.37942
-2.08666
-2.42545
1.69583
-0.338792
-1.24447
-3.01438
1.35934
-1.87875
-2.47926
1.90946
-0.600509
-1.41582
-3.09339
1.32477
-1.91239
-2.59961
1.86503
-0.687214
-1.30552
2.9935
1.28514
-2.1026
-2.53872
1.70836
-0.436128
-1.47385
-3.00859
1.52207
-1.86837
-2.64354
1.75253
-0.775164
-1.30173
-3.13575
1.31739
-2.15865
-2.43463
1.83004
-0.275987
-1.45577
3.12165
1.26318
-1.93844
-2.42742
1.85847
-0.48898
-1.31987
3.14005
1.05587
-2.29797
-2.20479
2.08418
0.093183
-1.52756
1.6335
-1.26912
-2.70658
1.79004
2.90263
-1.78656
-2.63766
1.71914
0.372212
-1.58262
-1.73923
1.34693
-0.156603
-1.22472
-1.24749
-3.10182
-2.19051
1.01351
1.85434
-3.07916
-1.52337
-3.00926
1.51212
-1.79571
-2.42079
1.76181
-0.625082
-1.2989
-2.99337
1.42802
-1.91686
-2.62575
1.86179
-0.708889
-1.42197
3.13594
1.31297
-1.89562
-2.51374
1.82297
-0.618116
-1.30912
-3.03307
1.41972
-1.84696
-2.66834
1.83039
-0.821382
-1.31141
-3.13573
1.16876
-2.14763
-2.3572
1.9787
-0.209572
-1.55044
-3.0851
1.45193
-2.49844
-2.60912
1.74616
-0.110688
-1.5788
-3.02711
1.46874
-1.87655
-2.48558
1.78734
-0.609028
-1.25975
-3.05467
1.27391
-2.31301
-2.74836
1.95461
-0.435348
-1.61993
3.01228
1.30021
-2.69875
-2.78139
1.71207
-0.0826424
-1.61066
-2.34623
1.19437
-2.49661
2.88099
2.74259
-0.905587
-2.38581
-2.4218
1.35949
-2.49279
0.566529
2.5019
3.05932
-2.2659
0.917525
-2.30179
2.98488
-0.980307
-3.06387
2.31799
2.97845
-2.88193
1.30216
-2.07197
-2.45472
2.09909
-0.382752
-1.44457
-3.13334
0.985031
-2.17555
0.92056
2.16481
3.09611
-1.6229
-2.77906
1.64095
-1.91094
-2.40821
1.86317
-0.497267
-1.41532
-2.9607
1.35043
-1.87222
-2.41377
1.97206
-0.541552
-1.44372
2.93229
1.09531
-2.29086
3.13449
1.83697
-0.857836
-1.62459
3.07246
1.46577
-2.25624
-2.45921
1.60668
-0.202966
-1.26812
3.13708
1.53172
-2.23097
-2.55481
1.60536
-0.323842
-1.29632
-2.974
1.74173
-2.31638
-2.71649
1.56746
-0.400113
-1.40003
-3.05698
1.45382
-2.0773
-2.20554
1.77239
-0.128238
-1.33162
-2.77014
1.38992
-2.0034
-2.06825
2.12313
-0.064852
-1.42042
-2.65325
0.584658
-3.00213
-1.67172
3.04527
1.33041
-2.96753
0.166568
2.78167
2.38531
-1.14786
-2.6151
2.75002
2.12461
-2.8386
0.449057
-2.95555
2.67947
2.99553
-0.648166
-2.88918
2.74222
1.02744
-1.78963
-1.9813
1.71478
-0.191672
-1.19916
-2.93965
1.48526
-1.91379
-2.47806
1.85828
-0.564271
-1.44311
-2.98575
1.33236
-2.05326
-2.28691
1.96508
-0.233658
-1.46509
-3.07221
1.13567
-1.75587
1.314
2.07531
3.06987
-1.31531
3.0364
1.22719
-2.1877
-2.76924
1.80921
-0.581537
-1.61272
-3.06459
1.38058
-2.17939
-2.63817
1.83802
-0.45878
-1.45738
3.10779
1.24445
-2.17882
-2.53469
1.86334
-0.355869
-1.50753
-3.12835
1.41757
-2.25259
-2.62343
1.73727
-0.37084
-1.45943
-3.06968
1.50436
-2.11865
-2.5209
1.70914
-0.402256
-1.41677
-2.88636
1.57316
-2.14494
-2.37653
1.82366
-0.231584
-1.48177
-2.95706
1.33906
-1.75139
-2.53154
1.98707
-0.780148
-1.39346
-3.00173
1.20128
-1.78247
-1.69196
2.08017
0.0905041
-1.28127
-2.0489
1.13264
-3.09137
1.72224
3.10165
-1.46958
-3.07953
-2.85026
0.692858
-2.51091
1.4156
2.74007
-2.35668
-2.38073
2.45113
0.934797
-1.06559
-2.55899
1.51633
-1.4934
-1.423
-2.66769
0.0653078
2.58623
2.98639
-2.733
0.400155
2.51273
2.50124
0.659105
-2.68808
-3.08373
1.84213
-0.395651
-1.74082
-2.44477
1.88624
-2.55906
3.01035
1.95217
-0.713778
-1.7107
3.06752
1.21588
-1.91265
-2.58693
1.85165
-0.674273
-1.388
-3.04074
1.29174
-1.86899
-2.61398
1.95071
-0.744998
-1.46065
-3.02664
1.34332
-1.84121
-2.48677
1.91323
-0.645562
-1.37988
3.09351
1.16004
-1.85323
-2.63018
1.93348
-0.776949
-1.35856
-3.13406
1.25204
-2.17836
-2.36975
1.89709
-0.191383
-1.4811
-2.70778
1.61019
-2.61123
-2.86303
1.96521
-0.251791
-1.83756
-3.03993
1.39345
-1.8222
-2.35635
1.8498
-0.534152
-1.32017
-3.0458
1.32867
-1.83958
-2.5809
1.90871
-0.741319
-1.32001
3.09545
1.20311
-2.0909
-2.56673
1.89233
-0.475837
-1.38493
3.05923
1.30175
-1.86465
-2.51564
1.75748
-0.650994
-1.28787
-3.12489
1.47768
-2.29469
-2.78911
1.68062
-0.494422
-1.4106
3.06819
1.38032
-2.13179
-2.62909
1.68787
-0.4973
-1.39072
-3.04756
1.4373
-2.07556
-2.4793
1.79832
-0.403739
-1.38935
3.12405
1.48127
-2.17895
-2.48435
1.64278
-0.3054
-1.37301
-3.13627
1.43224
-1.85283
-2.74484
1.71468
-0.892012
-1.40588
1.12385
