#! FIELDS time rmsd
 0.050000 0.286600
 0.100000 0.567140
 0.150000 0.845097
 0.200000 1.115371
 0.250000 1.377532
 0.300000 1.634524
 0.350000 1.888899
 0.400000 2.139279
 0.450000 2.383615
 0.500000 2.622944
 0.550000 2.855440
 0.600000 3.088955
 0.650000 3.318410
 0.700000 3.540454
 0.750000 3.757136
 0.800000 3.970678
 0.850000 4.183976
 0.900000 4.397747
 0.950000 4.613369
 1.000000 4.824876
 1.050000 5.028065
 1.100000 5.228686
 1.150000 5.425269
 1.200000 5.619061
 1.250000 5.807217
 1.300000 5.993168
 1.350000 6.176937
 1.400000 6.357854
 1.450000 6.534843
 1.500000 6.711514
 1.550000 6.888049
 1.600000 7.061623
 1.650000 7.231486
 1.700000 7.395804
 1.750000 7.547655
 1.800000 7.691303
 1.850000 7.831305
 1.900000 7.967607
 1.950000 8.105338
 2.000000 8.242773
 2.050000 8.375306
 2.100000 8.504343
 2.150000 8.635310
 2.200000 8.771155
 2.250000 8.909068
 2.300000 9.044554
 2.350000 9.177546
 2.400000 9.312450
 2.450000 9.446552
 2.500000 9.580623
 2.550000 9.715879
 2.600000 9.845678
 2.650000 9.967750
 2.700000 10.085487
 2.750000 10.203414
 2.800000 10.321400
 2.850000 10.439838
 2.900000 10.556946
 2.950000 10.670063
 3.000000 10.786934
 3.050000 10.907934
 3.100000 11.031881
 3.150000 11.159526
 3.200000 11.283941
 3.250000 11.407144
 3.300000 11.534550
 3.350000 11.663774
 3.400000 11.791136
 3.450000 11.916794
 3.500000 12.042390
 3.550000 12.170009
 3.600000 12.296593
 3.650000 12.419957
 3.700000 12.541373
 3.750000 12.662588
 3.800000 12.780701
 3.850000 12.897380
 3.900000 13.011331
 3.950000 13.115176
 4.000000 13.216912
 4.050000 13.316160
 4.100000 13.413175
 4.150000 13.512099
 4.200000 13.609621
 4.250000 13.707251
 4.300000 13.804102
 4.350000 13.898048
 4.400000 13.989622
 4.450000 14.077428
 4.500000 14.166620
 4.550000 14.257600
 4.600000 14.347180
 4.650000 14.436677
 4.700000 14.529452
 4.750000 14.622994
 4.800000 14.717131
 4.850000 14.812246
 4.900000 14.909406
 4.950000 15.002643
 5.000000 15.092119
