#! FIELDS time rmsd
 0.050000 0.236230
 0.100000 0.410763
 0.150000 0.557863
 0.200000 0.697859
 0.250000 0.825606
 0.300000 0.944839
 0.350000 1.062476
 0.400000 1.179714
 0.450000 1.293643
 0.500000 1.403546
 0.550000 1.506149
 0.600000 1.605182
 0.650000 1.700092
 0.700000 1.786494
 0.750000 1.867932
 0.800000 1.949427
 0.850000 2.029267
 0.900000 2.112669
 0.950000 2.188359
 1.000000 2.253201
 1.050000 2.323409
 1.100000 2.395970
 1.150000 2.471249
 1.200000 2.550535
 1.250000 2.625387
 1.300000 2.699431
 1.350000 2.776189
 1.400000 2.841806
 1.450000 2.903640
 1.500000 2.966487
 1.550000 3.026789
 1.600000 3.093834
 1.650000 3.164805
 1.700000 3.228846
 1.750000 3.289998
 1.800000 3.345445
 1.850000 3.401416
 1.900000 3.464292
 1.950000 3.528402
 2.000000 3.595664
 2.050000 3.655779
 2.100000 3.708958
 2.150000 3.761987
 2.200000 3.822997
 2.250000 3.885659
 2.300000 3.943889
 2.350000 3.999023
 2.400000 4.051217
 2.450000 4.105737
 2.500000 4.154197
 2.550000 4.211038
 2.600000 4.267930
 2.650000 4.310791
 2.700000 4.346151
 2.750000 4.380754
 2.800000 4.416985
 2.850000 4.457763
 2.900000 4.497928
 2.950000 4.537732
 3.000000 4.581966
 3.050000 4.625330
 3.100000 4.676064
 3.150000 4.725534
 3.200000 4.769242
 3.250000 4.807052
 3.300000 4.850438
 3.350000 4.892863
 3.400000 4.934200
 3.450000 4.978184
 3.500000 5.016285
 3.550000 5.046205
 3.600000 5.078058
 3.650000 5.107859
 3.700000 5.139493
 3.750000 5.174764
 3.800000 5.205216
 3.850000 5.235902
 3.900000 5.263222
 3.950000 5.285986
 4.000000 5.315289
 4.050000 5.346051
 4.100000 5.372334
 4.150000 5.413035
 4.200000 5.442094
 4.250000 5.460063
 4.300000 5.481543
 4.350000 5.501138
 4.400000 5.522482
 4.450000 5.546651
 4.500000 5.573280
 4.550000 5.593966
 4.600000 5.610197
 4.650000 5.623110
 4.700000 5.643305
 4.750000 5.659663
 4.800000 5.681665
 4.850000 5.712505
 4.900000 5.737292
 4.950000 5.757232
 5.000000 5.773891
