#! FIELDS time rmsd
 0.050000 0.247143
 0.100000 0.472684
 0.150000 0.698298
 0.200000 0.914852
 0.250000 1.122217
 0.300000 1.315852
 0.350000 1.506914
 0.400000 1.694151
 0.450000 1.871805
 0.500000 2.047239
 0.550000 2.221597
 0.600000 2.389461
 0.650000 2.548086
 0.700000 2.697657
 0.750000 2.841588
 0.800000 2.976967
 0.850000 3.114121
 0.900000 3.239614
 0.950000 3.360328
 1.000000 3.482083
 1.050000 3.592822
 1.100000 3.693296
 1.150000 3.804857
 1.200000 3.902579
 1.250000 3.990788
 1.300000 4.080511
 1.350000 4.152685
 1.400000 4.222534
 1.450000 4.294022
 1.500000 4.366743
 1.550000 4.429729
 1.600000 4.493393
 1.650000 4.564837
 1.700000 4.635097
 1.750000 4.701560
 1.800000 4.754682
 1.850000 4.812373
 1.900000 4.874325
 1.950000 4.944777
 2.000000 4.999948
 2.050000 5.048813
 2.100000 5.099095
 2.150000 5.157192
 2.200000 5.222472
 2.250000 5.275287
 2.300000 5.328345
 2.350000 5.371057
 2.400000 5.411118
 2.450000 5.464909
 2.500000 5.498361
 2.550000 5.536259
 2.600000 5.591045
 2.650000 5.618855
 2.700000 5.638728
 2.750000 5.674773
 2.800000 5.705341
 2.850000 5.731775
 2.900000 5.759980
 2.950000 5.788464
 3.000000 5.823828
 3.050000 5.857379
 3.100000 5.879047
 3.150000 5.904656
 3.200000 5.930445
 3.250000 5.960590
 3.300000 5.978996
 3.350000 6.001409
 3.400000 6.033356
 3.450000 6.056577
 3.500000 6.072700
 3.550000 6.101436
 3.600000 6.125266
 3.650000 6.146144
 3.700000 6.168473
 3.750000 6.197024
 3.800000 6.233184
 3.850000 6.252725
 3.900000 6.280024
 3.950000 6.314844
 4.000000 6.329651
 4.050000 6.349719
 4.100000 6.380746
 4.150000 6.404618
 4.200000 6.415493
 4.250000 6.432948
 4.300000 6.464029
 4.350000 6.480301
 4.400000 6.490028
 4.450000 6.506027
 4.500000 6.522342
 4.550000 6.526667
 4.600000 6.528942
 4.650000 6.533950
 4.700000 6.545497
 4.750000 6.555267
 4.800000 6.565421
 4.850000 6.580212
 4.900000 6.591397
 4.950000 6.611125
 5.000000 6.625923
