#! FIELDS time rmsd
 0.050000 0.234457
 0.100000 0.402237
 0.150000 0.541176
 0.200000 0.670908
 0.250000 0.782340
 0.300000 0.881740
 0.350000 0.975162
 0.400000 1.061278
 0.450000 1.141018
 0.500000 1.216689
 0.550000 1.286687
 0.600000 1.355737
 0.650000 1.421506
 0.700000 1.480238
 0.750000 1.532788
 0.800000 1.583036
 0.850000 1.635787
 0.900000 1.686630
 0.950000 1.731999
 1.000000 1.776252
 1.050000 1.822907
 1.100000 1.874174
 1.150000 1.924309
 1.200000 1.968711
 1.250000 2.010939
 1.300000 2.055355
 1.350000 2.098185
 1.400000 2.137225
 1.450000 2.177799
 1.500000 2.217867
 1.550000 2.262288
 1.600000 2.305998
 1.650000 2.352479
 1.700000 2.395875
 1.750000 2.434546
 1.800000 2.473892
 1.850000 2.512018
 1.900000 2.549053
 1.950000 2.588295
 2.000000 2.629575
 2.050000 2.671820
 2.100000 2.713062
 2.150000 2.754168
 2.200000 2.797886
 2.250000 2.835863
 2.300000 2.874209
 2.350000 2.908454
 2.400000 2.942201
 2.450000 2.977753
 2.500000 3.017282
 2.550000 3.059296
 2.600000 3.104779
 2.650000 3.142615
 2.700000 3.172817
 2.750000 3.202763
 2.800000 3.235311
 2.850000 3.266301
 2.900000 3.299319
 2.950000 3.330169
 3.000000 3.362382
 3.050000 3.399395
 3.100000 3.436557
 3.150000 3.470464
 3.200000 3.500205
 3.250000 3.525291
 3.300000 3.553174
 3.350000 3.585429
 3.400000 3.614961
 3.450000 3.640470
 3.500000 3.661621
 3.550000 3.681139
 3.600000 3.697465
 3.650000 3.710050
 3.700000 3.720669
 3.750000 3.735617
 3.800000 3.754307
 3.850000 3.769679
 3.900000 3.782512
 3.950000 3.792182
 4.000000 3.800689
 4.050000 3.809533
 4.100000 3.822399
 4.150000 3.837314
 4.200000 3.849490
 4.250000 3.858313
 4.300000 3.864956
 4.350000 3.873234
 4.400000 3.882476
 4.450000 3.889596
 4.500000 3.896659
 4.550000 3.899094
 4.600000 3.904024
 4.650000 3.913063
 4.700000 3.925244
 4.750000 3.936222
 4.800000 3.947529
 4.850000 3.960554
 4.900000 3.973096
 4.950000 3.985913
 5.000000 4.000064
