#! FIELDS time rmsd
 0.050000 0.234374
 0.100000 0.397919
 0.150000 0.512424
 0.200000 0.593479
 0.250000 0.647045
 0.300000 0.691554
 0.350000 0.735673
 0.400000 0.778997
 0.450000 0.820665
 0.500000 0.863168
 0.550000 0.909298
 0.600000 0.962589
 0.650000 1.017289
 0.700000 1.066494
 0.750000 1.113872
 0.800000 1.163141
 0.850000 1.214902
 0.900000 1.260642
 0.950000 1.294210
 1.000000 1.324440
 1.050000 1.358349
 1.100000 1.392777
 1.150000 1.419722
 1.200000 1.441290
 1.250000 1.455517
 1.300000 1.468039
 1.350000 1.475801
 1.400000 1.484027
 1.450000 1.497571
 1.500000 1.512233
 1.550000 1.533635
 1.600000 1.558749
 1.650000 1.585794
 1.700000 1.613514
 1.750000 1.643435
 1.800000 1.671667
 1.850000 1.697597
 1.900000 1.723482
 1.950000 1.748621
 2.000000 1.771956
 2.050000 1.793481
 2.100000 1.821663
 2.150000 1.853855
 2.200000 1.888177
 2.250000 1.926310
 2.300000 1.969989
 2.350000 2.007628
 2.400000 2.042809
 2.450000 2.077621
 2.500000 2.114696
 2.550000 2.150208
 2.600000 2.184964
 2.650000 2.214571
 2.700000 2.242642
 2.750000 2.266142
 2.800000 2.289445
 2.850000 2.313178
 2.900000 2.334085
 2.950000 2.355335
 3.000000 2.378227
 3.050000 2.403744
 3.100000 2.429765
 3.150000 2.451187
 3.200000 2.472285
 3.250000 2.496472
 3.300000 2.517027
 3.350000 2.534326
 3.400000 2.547637
 3.450000 2.554304
 3.500000 2.548050
 3.550000 2.535814
 3.600000 2.527335
 3.650000 2.523212
 3.700000 2.519317
 3.750000 2.510244
 3.800000 2.499800
 3.850000 2.492430
 3.900000 2.490760
 3.950000 2.488608
 4.000000 2.485078
 4.050000 2.490168
 4.100000 2.497074
 4.150000 2.511905
 4.200000 2.528965
 4.250000 2.540560
 4.300000 2.553670
 4.350000 2.567789
 4.400000 2.584149
 4.450000 2.603942
 4.500000 2.619288
 4.550000 2.636174
 4.600000 2.656700
 4.650000 2.674912
 4.700000 2.693914
 4.750000 2.711383
 4.800000 2.729558
 4.850000 2.746248
 4.900000 2.759934
 4.950000 2.769909
 5.000000 2.783389
