 3
 1
 2
 1
 3
 4
 6
 4
 3
 6
 4
 5
 4
 6
 7
 3
 4
 5
 9
 7
 6
 9
 7
 8
 7
 9
 10
 6
 7
 8
 12
 10
 9
 12
 10
 11
 10
 12
 13
 9
 10
 11
 15
 13
 12
 15
 13
 14
 13
 15
 16
 12
 13
 14
 18
 16
 15
 18
 16
 17
 16
 18
 19
 15
 16
 17
 21
 19
 18
 21
 19
 20
 19
 21
 22
 18
 19
 20
 24
 22
 21
 24
 22
 23
 22
 24
 25
 21
 22
 23
 27
 25
 24
 27
 25
 26
 25
 27
 28
 24
 25
 26
 30
 28
 27
 30
 28
 29
 28
 30
 31
 27
 28
 29
 33
 31
 30
 33
 31
 32
 31
 33
 34
 30
 31
 32
 36
 34
 33
 36
 34
 35
 34
 36
 37
 33
 34
 35
 39
 37
 36
 39
 37
 38
 37
 39
 40
 36
 37
 38
 42
 40
 39
 42
 40
 41
 40
 42
 43
 39
 40
 41
 45
 43
 42
 45
 43
 44
 43
 45
 46
 42
 43
 44
 48
 46
 45
 48
 46
 47
 46
 48
 49
 45
 46
 47
 51
 49
 48
 51
 49
 50
 49
 51
 52
 48
 49
 50
 54
 52
 51
 54
 52
 53
 52
 54
 55
 51
 52
 53
 57
 55
 54
 57
 55
 56
 55
 57
 58
 54
 55
 56
 60
 58
 57
 60
 58
 59
 58
 60
 61
 57
 58
 59
 63
 61
 60
 63
 61
 62
 61
 63
 64
 60
 61
 62
 66
 64
 63
 66
 64
 65
 64
 66
 67
 63
 64
 65
 69
 67
 66
 69
 67
 68
 67
 69
 70
 66
 67
 68
 72
 70
 69
 72
 70
 71
 70
 72
 73
 69
 70
 71
 75
 73
 72
 75
 73
 74
 73
 75
 76
 72
 73
 74
 78
 76
 75
 78
 76
 77
 76
 78
 79
 75
 76
 77
 81
 79
 78
 81
 79
 80
 79
 81
 82
 78
 79
 80
 84
 82
 81
 84
 82
 83
 82
 84
 85
 81
 82
 83
 87
 85
 84
 87
 85
 86
 85
 87
 88
 84
 85
 86
 90
 88
 87
 90
 88
 89
 88
 90
 91
 87
 88
 89
 93
 91
 90
 93
 91
 92
 91
 93
 94
 90
 91
 92
 96
 94
 93
 96
 94
 95
 94
 96
 97
 93
 94
 95
 99
 97
 96
 99
 97
 98
 97
 99
 100
 96
 97
 98
 102
 100
 99
 102
 100
 101
 100
 102
 103
 99
 100
 101
 105
 103
 102
 105
 103
 104
 103
 105
 106
 102
 103
 104
 108
 106
 105
 108
 106
 107
 106
 108
 109
 105
 106
 107
 111
 109
 108
 111
 109
 110
 109
 111
 112
 108
 109
 110
 114
 112
 111
 114
 112
 113
 112
 114
 115
 111
 112
 113
 117
 115
 114
 117
 115
 116
 115
 117
 118
 114
 115
 116
 120
 118
 117
 120
 118
 119
 118
 120
 121
 117
 118
 119
 123
 121
 120
 123
 121
 122
 121
 123
 124
 120
 121
 122
 126
 124
 123
 126
 124
 125
 124
 126
 127
 123
 124
 125
 129
 127
 126
 129
 127
 128
 127
 129
 130
 126
 127
 128
 132
 130
 129
 132
 130
 131
 130
 132
 133
 129
 130
 131
 135
 133
 132
 135
 133
 134
 133
 135
 136
 132
 133
 134
 138
 136
 135
 138
 136
 137
 136
 138
 139
 135
 136
 137
 141
 139
 138
 141
 139
 140
 139
 141
 142
 138
 139
 140
 144
 142
 141
 144
 142
 143
 142
 144
 145
 141
 142
 143
 147
 145
 144
 147
 145
 146
 145
 147
 148
 144
 145
 146
 150
 148
 147
 150
 148
 149
 148
 150
 151
 147
 148
 149
 153
 151
 150
 153
 151
 152
 151
 153
 154
 150
 151
 152
 156
 154
 153
 156
 154
 155
 154
 156
 157
 153
 154
 155
 159
 157
 156
 159
 157
 158
 157
 159
 160
 156
 157
 158
 162
 160
 159
 162
 160
 161
 160
 162
 163
 159
 160
 161
 165
 163
 162
 165
 163
 164
 163
 165
 166
 162
 163
 164
 168
 166
 165
 168
 166
 167
 166
 168
 169
 165
 166
 167
 171
 169
 168
 171
 169
 170
 169
 171
 172
 168
 169
 170
 174
 172
 171
 174
 172
 173
 172
 174
 175
 171
 172
 173
 177
 175
 174
 177
 175
 176
 175
 177
 178
 174
 175
 176
 180
 178
 177
 180
 178
 179
 178
 180
 181
 177
 178
 179
 183
 181
 180
 183
 181
 182
 181
 183
 184
 180
 181
 182
 186
 184
 183
 186
 184
 185
 184
 186
 187
 183
 184
 185
 189
 187
 186
 189
 187
 188
 187
 189
 190
 186
 187
 188
 192
 190
 189
 192
 190
 191
 190
 192
 193
 189
 190
 191
 195
 193
 192
 195
 193
 194
 193
 195
 196
 192
 193
 194
 198
 196
 195
 198
 196
 197
 196
 198
 199
 195
 196
 197
 201
 199
 198
 201
 199
 200
 199
 201
 202
 198
 199
 200
 204
 202
 201
 204
 202
 203
 202
 204
 205
 201
 202
 203
 207
 205
 204
 207
 205
 206
 205
 207
 208
 204
 205
 206
 210
 208
 207
 210
 208
 209
 208
 210
 211
 207
 208
 209
 210
 211
 212
