 4.92797
 2.596
 4.84117
 5.15409
 4.38726
 4.82562
 5.18012
 2.5279
 4.83968
 5.35807
 2.47476
 4.90507
 5.19635
 2.54412
 4.81522
 5.22703
 2.53612
 4.81297
 5.29544
 4.43057
 4.82982
 5.32153
 2.49548
 5.03278
 5.52254
 4.42439
 4.49165
 4.90926
 2.54287
 4.94365
 5.47735
 4.49645
 4.91475
 4.9887
 4.30879
 4.83192
 5.17323
 2.51651
 4.74629
 5.10375
 2.45884
 4.72825
 5.29933
 2.55193
 4.76259
 5.27613
 2.45688
 4.79642
 5.30232
 4.35724
 4.84803
 5.5985
 4.38047
 4.8593
 5.36377
 2.52549
 4.76986
 5.46403
 4.479
 4.92993
 5.76711
 4.43278
 4.66317
 5.05504
 2.46259
 4.58295
 4.88113
 4.39306
 4.66917
 4.93
 2.48791
 4.81484
 5.52332
 4.3439
 4.8859
 5.33638
 4.37613
 4.85134
 5.1529
 2.52465
 4.74253
 5.37857
 2.46766
 4.76808
 5.6093
 2.47943
 4.82138
 5.46454
 4.33766
 4.83458
 5.44766
 4.39971
 4.8075
 5.26656
 4.31577
 4.70251
 5.30929
 4.47582
 4.92639
 5.22858
 4.38371
 4.53569
 5.03955
 2.47817
 4.55397
 5.63815
 2.43972
 4.34721
 5.29366
 2.48268
 4.9435
 5.07237
 2.53972
 4.76437
 5.20814
 2.46429
 4.91585
 5.23306
 4.32748
 5.04243
 5.23109
 2.48262
 4.855
 5.31121
 2.54721
 4.82998
 5.26349
 4.35216
 4.72459
 5.2221
 4.35938
 4.81416
 5.45574
 4.44059
 4.84363
 5.26368
 4.5092
 4.90266
 5.15552
 4.32627
 4.86093
 5.20725
 2.5815
 4.9516
 5.20158
 2.56126
 4.46896
 5.43757
 2.4817
 4.49275
 5.17923
 2.4974
 4.92338
 5.56997
 4.43853
 4.29334
 5.04314
 4.37557
 4.94878
 5.39006
 4.36763
 4.82761
 5.57375
 2.51138
 4.63879
 5.12267
 2.47888
 4.7354
 5.27844
 2.54353
 4.81194
 5.4017
 2.5675
 4.80502
 5.28349
 2.49814
 4.85843
 5.41043
 4.4218
 4.85461
 5.64965
 4.35994
 4.82941
 5.28159
 2.50683
 4.72474
 5.37159
 2.50522
 4.79693
 5.4346
 4.33816
 4.96244
 5.30592
 2.50073
 4.79823
 5.19713
 4.34622
 4.79891
 5.28528
 4.39545
 4.83258
 5.18815
 4.38855
 4.92993
 5.35595
 4.37454
 4.7998
 5.20414
 2.53306
 5.05223
 4.43287
