 1
 3
 1
 2
 4
 6
 4
 3
 4
 5
 7
 9
 7
 6
 7
 8
 10
 12
 10
 9
 10
 11
 13
 15
 13
 12
 13
 14
 16
 18
 16
 15
 16
 17
 19
 21
 19
 18
 19
 20
 22
 24
 22
 21
 22
 23
 25
 27
 25
 24
 25
 26
 28
 30
 28
 27
 28
 29
 31
 33
 31
 30
 31
 32
 34
 36
 34
 33
 34
 35
 37
 39
 37
 36
 37
 38
 40
 42
 40
 39
 40
 41
 43
 45
 43
 42
 43
 44
 46
 48
 46
 45
 46
 47
 49
 51
 49
 48
 49
 50
 52
 54
 52
 51
 52
 53
 55
 57
 55
 54
 55
 56
 58
 60
 58
 57
 58
 59
 61
 63
 61
 60
 61
 62
 64
 66
 64
 63
 64
 65
 67
 69
 67
 66
 67
 68
 70
 72
 70
 69
 70
 71
 73
 75
 73
 72
 73
 74
 76
 78
 76
 75
 76
 77
 79
 81
 79
 78
 79
 80
 82
 84
 82
 81
 82
 83
 85
 87
 85
 84
 85
 86
 88
 90
 88
 87
 88
 89
 91
 93
 91
 90
 91
 92
 94
 96
 94
 93
 94
 95
 97
 99
 97
 96
 97
 98
 100
 102
 100
 99
 100
 101
 103
 105
 103
 102
 103
 104
 106
 108
 106
 105
 106
 107
 109
 111
 109
 108
 109
 110
 112
 114
 112
 111
 112
 113
 115
 117
 115
 114
 115
 116
 118
 120
 118
 117
 118
 119
 121
 123
 121
 120
 121
 122
 124
 126
 124
 123
 124
 125
 127
 129
 127
 126
 127
 128
 130
 132
 130
 129
 130
 131
 133
 135
 133
 132
 133
 134
 136
 138
 136
 135
 136
 137
 139
 141
 139
 138
 139
 140
 142
 144
 142
 141
 142
 143
 145
 147
 145
 144
 145
 146
 148
 150
 148
 147
 148
 149
 151
 153
 151
 150
 151
 152
 154
 156
 154
 153
 154
 155
 157
 159
 157
 156
 157
 158
 160
 162
 160
 159
 160
 161
 163
 165
 163
 162
 163
 164
 166
 168
 166
 165
 166
 167
 169
 171
 169
 168
 169
 170
 172
 174
 172
 171
 172
 173
 175
 177
 175
 174
 175
 176
 178
 180
 178
 177
 178
 179
 181
 183
 181
 180
 181
 182
 184
 186
 184
 183
 184
 185
 187
 189
 187
 186
 187
 188
 190
 192
 190
 189
 190
 191
 193
 195
 193
 192
 193
 194
 196
 198
 196
 195
 196
 197
 199
 201
 199
 198
 199
 200
 202
 204
 202
 201
 202
 203
 205
 207
 205
 204
 205
 206
 208
 210
 208
 207
 208
 209
 211
 210
 211
 212
