 1
 8
 1
 212
 2
 3
 2
 5
 2
 6
 2
 7
 2
 8
 2
 209
 2
 211
 2
 212
 3
 4
 3
 6
 3
 8
 3
 212
 4
 206
 4
 209
 4
 211
 4
 212
 5
 6
 5
 8
 5
 9
 5
 10
 5
 11
 5
 203
 5
 205
 5
 206
 5
 208
 5
 209
 5
 210
 5
 211
 5
 212
 6
 7
 6
 9
 6
 11
 6
 186
 6
 212
 7
 203
 7
 206
 7
 208
 7
 209
 7
 211
 7
 212
 8
 9
 8
 11
 8
 12
 8
 13
 8
 14
 8
 203
 8
 205
 8
 206
 8
 208
 8
 209
 8
 211
 8
 212
 9
 10
 9
 12
 9
 14
 9
 183
 9
 206
 10
 16
 10
 17
 10
 200
 10
 203
 10
 205
 10
 206
 10
 208
 10
 209
 11
 12
 11
 14
 11
 15
 11
 16
 11
 17
 11
 200
 11
 202
 11
 203
 11
 205
 11
 206
 11
 208
 11
 209
 12
 13
 12
 15
 12
 17
 12
 180
 12
 183
 12
 203
 12
 206
 13
 197
 13
 200
 13
 202
 13
 203
 13
 205
 13
 206
 14
 15
 14
 17
 14
 18
 14
 19
 14
 20
 14
 197
 14
 199
 14
 200
 14
 202
 14
 203
 14
 205
 14
 206
 15
 16
 15
 18
 15
 200
 15
 203
 16
 197
 16
 199
 16
 200
 16
 202
 16
 203
 17
 18
 17
 20
 17
 21
 17
 22
 17
 23
 17
 194
 17
 196
 17
 197
 17
 199
 17
 200
 17
 202
 17
 203
 18
 19
 18
 21
 18
 23
 18
 197
 18
 200
 19
 191
 19
 194
 19
 196
 19
 197
 19
 199
 19
 200
 20
 21
 20
 23
 20
 24
 20
 25
 20
 26
 20
 110
 20
 190
 20
 191
 20
 193
 20
 194
 20
 195
 20
 196
 20
 197
 20
 198
 20
 199
 20
 200
 21
 22
 21
 24
 21
 30
 21
 197
 22
 30
 22
 105
 22
 110
 22
 191
 22
 193
 22
 194
 22
 196
 22
 197
 23
 24
 23
 26
 23
 27
 23
 28
 23
 30
 23
 103
 23
 105
 23
 109
 23
 110
 23
 188
 23
 190
 23
 191
 23
 193
 23
 194
 23
 196
 23
 197
 24
 25
 24
 27
 24
 30
 24
 103
 24
 105
 24
 191
 25
 32
 25
 102
 25
 103
 25
 104
 25
 105
 25
 108
 25
 109
 25
 110
 25
 116
 25
 119
 25
 188
 25
 190
 25
 191
 25
 193
 25
 194
 26
 27
 26
 29
 26
 30
 26
 32
 26
 103
 26
 104
 26
 105
 26
 109
 26
 110
 26
 112
 26
 113
 26
 115
 26
 116
 26
 118
 26
 119
 26
 182
 26
 184
 26
 185
 26
 187
 26
 188
 26
 189
 26
 190
 26
 191
 26
 192
 26
 193
 26
 194
 27
 28
 27
 30
 27
 32
 27
 100
 27
 101
 27
 102
 27
 103
 27
 104
 27
 105
 28
 34
 28
 36
 28
 37
 28
 38
 28
 98
 28
 100
 28
 101
 28
 102
 28
 103
 28
 104
 28
 105
 28
 119
 28
 121
 28
 122
 28
 185
 28
 188
 28
 191
 29
 30
 29
 32
 29
 33
 29
 34
 29
 36
 29
 37
 29
 38
 29
 98
 29
 100
 29
 101
 29
 102
 29
 103
 29
 104
 29
 105
 29
 110
 29
 116
 29
 118
 29
 119
 29
 121
 29
 122
 29
 182
 29
 185
 29
 187
 29
 188
 29
 191
 30
 31
 30
 33
 30
 37
 30
 119
 31
 37
 31
 38
 31
 39
 31
 40
 31
 41
 31
 98
 31
 100
 31
 101
 32
 33
 32
 36
 32
 37
 32
 38
 32
 39
 32
 40
 32
 41
 32
 98
 32
 100
 32
 101
 32
 103
 32
 104
 32
 118
 32
 119
 32
 121
 32
 122
 32
 182
 33
 34
 33
 36
 33
 38
 33
 39
 33
 119
 33
 121
 33
 125
 33
 171
 33
 174
 33
 176
 33
 179
 33
 182
 34
 101
 34
 118
 34
 119
 34
 120
 34
 121
 34
 122
 34
 123
 34
 124
 34
 125
 34
 128
 34
 178
 34
 179
 34
 181
 34
 182
 34
 184
 34
 185
 35
 36
 35
 118
 35
 119
 35
 120
 35
 121
 35
 122
 35
 123
 35
 124
 35
 125
 35
 126
 35
 127
 35
 128
 35
 176
 35
 178
 35
 179
 35
 180
 35
 181
 35
 182
 35
 183
 35
 184
 35
 185
 36
 37
 36
 39
 36
 41
 36
 101
 36
 119
 36
 121
 36
 122
 36
 123
 36
 124
 36
 125
 36
 126
 36
 128
 36
 179
 36
 182
 37
 95
 37
 98
 37
 100
 37
 101
 37
 119
 37
 121
 37
 122
 38
 39
 38
 41
 38
 42
 38
 43
 38
 44
 38
 95
 38
 97
 38
 98
 38
 100
 38
 101
 38
 119
 38
 121
 38
 122
 38
 123
 39
 40
 39
 42
 39
 44
 39
 98
 39
 165
 39
 168
 40
 92
 40
 95
 40
 97
 40
 98
 40
 100
 40
 101
 40
 122
 41
 42
 41
 44
 41
 45
 41
 46
 41
 47
 41
 92
 41
 94
 41
 95
 41
 97
 41
 98
 41
 100
 41
 101
 41
 121
 41
 122
 42
 43
 42
 45
 42
 47
 42
 95
 42
 98
 42
 162
 42
 165
 43
 92
 43
 94
 43
 95
 43
 97
 43
 98
 44
 45
 44
 47
 44
 48
 44
 49
 44
 50
 44
 89
 44
 91
 44
 92
 44
 94
 44
 95
 44
 96
 44
 97
 44
 98
 45
 46
 45
 48
 45
 92
 45
 95
 45
 162
 46
 52
 46
 89
 46
 91
 46
 92
 46
 94
 46
 95
 47
 48
 47
 50
 47
 51
 47
 52
 47
 53
 47
 86
 47
 88
 47
 89
 47
 91
 47
 92
 47
 94
 47
 95
 48
 49
 48
 51
 48
 89
 48
 92
 49
 55
 49
 86
 49
 88
 49
 89
 49
 91
 49
 92
 50
 51
 50
 53
 50
 54
 50
 55
 50
 56
 50
 82
 50
 83
 50
 85
 50
 86
 50
 87
 50
 88
 50
 89
 50
 90
 50
 91
 50
 92
 51
 52
 51
 54
 51
 89
 52
 82
 52
 83
 52
 85
 52
 86
 52
 88
 52
 89
 53
 54
 53
 56
 53
 57
 53
 58
 53
 59
 53
 79
 53
 80
 53
 82
 53
 83
 53
 84
 53
 85
 53
 86
 53
 87
 53
 88
 53
 89
 54
 55
 54
 57
 55
 79
 55
 80
 55
 82
 55
 83
 55
 85
 55
 86
 56
 57
 56
 59
 56
 60
 56
 61
 56
 79
 56
 80
 56
 81
 56
 82
 56
 83
 56
 85
 56
 86
 57
 58
 57
 60
 57
 80
 57
 82
 57
 83
 58
 75
 58
 78
 58
 79
 58
 80
 58
 81
 58
 82
 58
 83
 59
 60
 59
 62
 59
 63
 59
 64
 59
 65
 59
 73
 59
 75
 59
 76
 59
 78
 59
 79
 59
 80
 59
 81
 59
 82
 59
 83
 59
 157
 59
 162
 60
 61
 60
 63
 60
 79
 60
 80
 61
 72
 61
 73
 61
 74
 61
 75
 61
 76
 61
 78
 61
 79
 61
 80
 61
 155
 62
 63
 62
 65
 62
 66
 62
 67
 62
 72
 62
 73
 62
 74
 62
 75
 62
 76
 62
 77
 62
 78
 62
 79
 62
 80
 62
 145
 62
 146
 62
 152
 62
 155
 62
 157
 62
 158
 62
 160
 62
 161
 62
 163
 62
 164
 63
 64
 63
 66
 63
 73
 63
 74
 63
 75
 63
 151
 63
 152
 63
 155
 64
 72
 64
 73
 64
 74
 64
 75
 64
 76
 64
 77
 64
 146
 64
 151
 64
 152
 64
 153
 64
 154
 64
 155
 64
 157
 64
 158
 64
 161
 65
 66
 65
 73
 65
 74
 65
 75
 65
 76
 65
 77
 65
 145
 65
 146
 65
 151
 65
 152
 65
 153
 65
 154
 65
 155
 65
 156
 65
 157
 65
 158
 65
 160
 65
 161
 66
 67
 66
 69
 66
 71
 66
 72
 66
 73
 66
 74
 66
 76
 66
 77
 66
 146
 66
 151
 66
 152
 66
 155
 67
 73
 67
 74
 67
 76
 67
 77
 67
 143
 67
 145
 67
 146
 67
 148
 67
 149
 67
 151
 67
 152
 67
 155
 68
 69
 68
 74
 68
 77
 68
 141
 68
 142
 68
 143
 68
 144
 68
 145
 68
 146
 68
 147
 68
 148
 68
 149
 68
 150
 68
 151
 68
 152
 69
 70
 69
 72
 69
 74
 71
 72
 72
 73
 72
 75
 73
 79
 73
 146
 73
 152
 73
 155
 73
 161
 74
 75
 74
 77
 74
 140
 74
 142
 74
 143
 74
 145
 74
 146
 74
 151
 74
 152
 74
 155
 74
 158
 74
 160
 74
 161
 74
 163
 74
 164
 75
 76
 75
 78
 75
 80
 75
 81
 76
 140
 76
 143
 76
 145
 76
 146
 76
 158
 76
 160
 76
 161
 76
 162
 76
 163
 76
 164
 77
 78
 77
 137
 77
 139
 77
 140
 77
 142
 77
 143
 77
 145
 77
 146
 77
 155
 77
 158
 77
 160
 77
 161
 77
 163
 77
 164
 77
 166
 77
 167
 78
 79
 78
 81
 78
 83
 78
 126
 78
 163
 78
 164
 80
 81
 80
 83
 80
 84
 80
 85
 80
 86
 81
 82
 81
 84
 81
 126
 81
 129
 83
 84
 83
 86
 83
 87
 83
 88
 84
 85
 84
 87
 84
 126
 86
 87
 86
 89
 86
 90
 86
 91
 86
 92
 87
 88
 87
 90
 89
 90
 89
 92
 89
 93
 89
 94
 89
 95
 90
 91
 90
 93
 92
 93
 92
 95
 92
 96
 92
 97
 92
 98
 93
 94
 93
 96
 95
 96
 95
 98
 95
 99
 95
 100
 95
 101
 95
 122
 96
 97
 96
 99
 96
 101
 98
 99
 98
 101
 98
 102
 98
 119
 98
 121
 98
 122
 99
 100
 99
 102
 99
 104
 99
 108
 100
 119
 100
 122
 101
 102
 101
 104
 101
 116
 101
 118
 101
 119
 101
 121
 101
 122
 102
 103
 102
 105
 102
 108
 102
 109
 103
 109
 103
 110
 103
 111
 103
 116
 103
 119
 103
 190
 103
 191
 104
 105
 104
 108
 104
 109
 104
 110
 104
 111
 104
 112
 104
 113
 104
 114
 104
 115
 104
 116
 104
 118
 104
 119
 104
 122
 104
 187
 104
 188
 104
 190
 104
 191
 105
 106
 105
 108
 105
 110
 105
 191
 107
 108
 108
 109
 108
 111
 109
 115
 109
 116
 109
 187
 109
 188
 109
 190
 109
 191
 109
 192
 109
 193
 109
 194
 110
 111
 110
 113
 110
 115
 110
 116
 110
 187
 110
 188
 110
 189
 110
 190
 110
 191
 110
 192
 110
 193
 110
 194
 111
 112
 111
 114
 111
 116
 111
 190
 112
 187
 112
 188
 112
 189
 112
 190
 112
 192
 113
 114
 113
 116
 113
 117
 113
 118
 113
 119
 113
 185
 113
 186
 113
 187
 113
 188
 113
 189
 113
 190
 113
 191
 113
 192
 113
 193
 114
 115
 114
 117
 115
 121
 115
 122
 115
 182
 115
 184
 115
 185
 115
 186
 115
 187
 115
 188
 115
 189
 115
 190
 116
 117
 116
 119
 116
 120
 116
 121
 116
 122
 116
 182
 116
 184
 116
 185
 116
 186
 116
 187
 116
 188
 116
 189
 116
 190
 116
 191
 117
 118
 117
 120
 117
 122
 117
 187
 118
 124
 118
 125
 118
 181
 118
 182
 118
 184
 118
 185
 118
 186
 118
 187
 118
 188
 119
 120
 119
 122
 119
 123
 119
 182
 119
 184
 119
 185
 119
 187
 119
 188
 120
 121
 120
 123
 120
 125
 120
 126
 120
 182
 120
 184
 120
 185
 121
 182
 121
 184
 121
 185
 122
 123
 122
 125
 122
 182
 122
 185
 123
 124
 123
 126
 124
 179
 124
 181
 124
 182
 124
 184
 125
 126
 125
 128
 125
 129
 125
 130
 125
 131
 125
 176
 125
 178
 125
 179
 125
 181
 125
 182
 125
 184
 126
 127
 126
 129
 126
 179
 127
 176
 127
 178
 127
 179
 127
 181
 128
 129
 128
 131
 128
 132
 128
 133
 128
 134
 128
 172
 128
 173
 128
 175
 128
 176
 128
 177
 128
 178
 128
 179
 128
 180
 128
 181
 129
 130
 129
 132
 129
 179
 130
 173
 130
 175
 130
 176
 130
 178
 130
 179
 131
 132
 131
 134
 131
 135
 131
 136
 131
 137
 131
 169
 131
 170
 131
 172
 131
 173
 131
 174
 131
 175
 131
 176
 131
 177
 131
 178
 131
 179
 132
 133
 132
 135
 133
 170
 133
 172
 133
 173
 133
 175
 133
 176
 134
 135
 134
 137
 134
 138
 134
 139
 134
 140
 134
 166
 134
 167
 134
 169
 134
 170
 134
 171
 134
 172
 134
 173
 134
 174
 134
 175
 134
 176
 135
 136
 135
 138
 136
 143
 136
 167
 136
 169
 136
 170
 136
 172
 136
 173
 137
 138
 137
 140
 137
 141
 137
 142
 137
 143
 137
 163
 137
 164
 137
 166
 137
 167
 137
 168
 137
 169
 137
 170
 137
 171
 137
 172
 137
 173
 138
 139
 138
 141
 138
 143
 139
 146
 139
 164
 139
 166
 139
 167
 139
 169
 139
 170
 139
 172
 139
 173
 140
 141
 140
 143
 140
 144
 140
 145
 140
 146
 140
 161
 140
 163
 140
 164
 140
 165
 140
 166
 140
 167
 140
 168
 140
 169
 140
 170
 141
 142
 141
 144
 141
 146
 142
 158
 142
 161
 142
 163
 142
 164
 142
 166
 142
 167
 142
 169
 142
 170
 143
 144
 143
 146
 143
 147
 143
 158
 143
 161
 143
 163
 143
 164
 143
 166
 143
 167
 144
 145
 144
 147
 144
 149
 144
 158
 144
 161
 145
 151
 145
 152
 145
 154
 145
 155
 145
 157
 145
 158
 145
 160
 145
 161
 145
 163
 145
 164
 146
 147
 146
 149
 146
 151
 146
 152
 146
 154
 146
 155
 146
 157
 146
 158
 146
 160
 146
 161
 146
 163
 146
 164
 147
 148
 147
 150
 147
 154
 147
 158
 147
 161
 148
 154
 148
 155
 148
 158
 149
 150
 149
 152
 150
 151
 150
 153
 150
 155
 151
 158
 152
 153
 152
 155
 152
 158
 153
 154
 153
 156
 154
 160
 154
 161
 155
 156
 155
 158
 155
 160
 155
 161
 156
 157
 156
 159
 157
 163
 158
 159
 158
 161
 158
 162
 158
 163
 158
 164
 159
 160
 159
 162
 161
 162
 161
 164
 161
 165
 161
 166
 161
 167
 162
 163
 162
 165
 164
 165
 164
 167
 164
 168
 164
 169
 164
 170
 165
 166
 165
 168
 165
 170
 167
 168
 167
 170
 167
 171
 167
 172
 167
 173
 168
 169
 168
 171
 168
 173
 169
 176
 170
 171
 170
 173
 170
 174
 170
 175
 170
 176
 171
 172
 171
 174
 171
 176
 173
 174
 173
 176
 173
 177
 173
 178
 173
 179
 174
 175
 174
 177
 176
 177
 176
 179
 176
 180
 177
 178
 177
 180
 179
 180
 179
 182
 180
 181
 180
 183
 181
 188
 182
 183
 182
 185
 182
 186
 182
 187
 182
 188
 183
 184
 183
 186
 183
 188
 185
 186
 185
 188
 185
 189
 185
 190
 185
 191
 186
 187
 186
 189
 187
 194
 188
 189
 188
 191
 188
 192
 188
 193
 188
 194
 189
 190
 189
 192
 189
 194
 190
 196
 191
 192
 191
 194
 191
 195
 191
 196
 191
 197
 192
 193
 192
 195
 194
 195
 194
 197
 194
 198
 194
 199
 194
 200
 195
 196
 195
 198
 197
 198
 197
 200
 197
 201
 197
 202
 197
 203
 198
 199
 198
 201
 200
 201
 200
 203
 200
 204
 200
 205
 200
 206
 201
 202
 201
 204
 203
 204
 203
 206
 203
 207
 203
 208
 203
 209
 204
 205
 204
 207
 204
 209
 206
 207
 206
 209
 206
 210
 206
 211
 206
 212
 207
 208
 207
 210
 209
 210
 209
 212
 210
 211
