 1.82091
 1.20362
 1.11219
 1.92119
 1.0844
 2.17415
 1.28307
 1.9851
 1.1176
 1.96091
 1.16093
 1.99933
 1.03381
 2.03203
 1.37472
 1.78961
 1.14076
 2.1268
 1.22487
 1.85529
 1.16886
 1.93897
 1.24566
 1.96829
 1.13792
 2.22459
 1.1686
 1.99609
 1.1154
 2.05192
 0.966572
 2.34135
 1.30219
 2.47875
 1.51657
 2.63012
 1.16246
 2.08344
 1.21832
 1.33693
 2.06527
 1.50154
 1.2989
 1.95834
 1.66622
 2.23887
 1.23995
 1.84001
 1.11149
 1.86474
 1.29478
 1.9417
 1.17329
 1.98553
 1.19323
 1.94201
 1.09657
 1.99346
 1.21205
 1.92969
 1.20592
 1.9416
 1.2581
 2.07899
 0.977961
 2.2181
 1.34606
 1.85483
 1.07966
 2.51713
 1.1614
 1.91573
 1.14104
 1.97628
 1.26766
 2.05287
 1.10912
 2.36027
 1.36337
 1.81806
 1.16861
 2.70852
 1.53395
 2.53987
 1.76277
 2.0742
 1.57413
 2.25125
 2.07385
 2.23604
 1.73301
 2.65032
 1.83031
 1.89384
 1.06337
 2.27689
 1.02572
 2.25857
 1.16973
 2.27214
 1.71522
 2.28076
 1.28901
 1.94438
 1.07832
 1.98214
 1.29109
 2.03988
 1.09919
 1.95986
 1.40501
 1.87882
 1.16016
 2.30475
 1.14324
 1.87958
 1.10602
 2.31149
 1.19157
 1.83804
 1.07242
 2.27473
 1.34054
 1.72605
 1.23918
 2.32931
 1.17028
 1.95084
 1.08678
 2.16457
 1.07192
 2.28429
 1.50692
 2.20368
 1.51002
 2.5541
 1.96908
 2.21234
 1.26761
 2.54253
 1.76645
 2.26272
 1.42297
 2.52721
 1.423
 2.31949
 1.15037
 1.81774
 1.07882
 1.86705
 1.32163
 1.92772
 1.10359
 1.9731
 1.21652
 2.08477
 1.07868
 2.15254
 1.16248
 2.16178
 1.36697
 1.94065
 1.45101
 1.83385
 1.16542
 2.19652
 1.23047
 1.98591
 1.08766
 2.24948
 1.2765
 1.97813
 1.08433
 2.23556
 1.28543
 1.88126
 1.05338
 2.29401
 1.30114
 1.83196
 1.10719
 2.15771
 1.29064
 1.93572
 1.0464
 2.19722
 1.29034
 2.03792
 1.07883
 1.85329
 1.09898
 2.19499
 1.6495
 2.00147
 1.63681
 2.44388
 1.49812
 2.20149
 1.48761
 2.54138
 1.29419
 2.12134
 1.37078
 1.42504
 1.12814
 1.04932
 1.70935
 2.40876
 0.845214
 2.04917
 1.40005
 1.84258
 1.03123
 2.68814
 1.22855
 2.05948
 1.17896
 2.59082
 1.26247
 1.94439
 1.15652
 1.99122
 1.32166
 2.00901
 1.10214
 1.94168
 1.25785
 1.99157
 1.12086
 1.93664
 1.21886
 2.02687
 1.09403
 1.96784
 1.21273
 2.04262
 1.38801
 2.2595
 1.42495
 1.8981
 1.06493
 2.59612
 1.22395
 1.93827
 1.10697
 1.9182
 1.19218
 2.01036
 1.14935
 1.96123
 1.14261
 2.06946
 1.0467
 2.20884
 1.20897
 1.86494
 1.10607
 1.94108
 1.25385
 1.86609
 1.1638
 2.33613
 1.27983
 1.82823
 1.14198
 2.17233
 1.22437
 1.94268
 1.10293
 2.14976
 1.2763
 1.80174
 1.1342
 2.21265
 1.35442
 1.77171
 1.35901
 1.88514
 2.02215
