 2
 1
 3
 4
 1
 3
 4
 6
 1
 3
 4
 5
 3
 4
 6
 5
 3
 4
 6
 7
 6
 4
 3
 5
 5
 4
 6
 7
 6
 4
 5
 3
 4
 6
 7
 9
 4
 6
 7
 8
 6
 7
 9
 8
 6
 7
 9
 10
 9
 7
 6
 8
 8
 7
 9
 10
 9
 7
 8
 6
 7
 9
 10
 12
 7
 9
 10
 11
 9
 10
 12
 11
 9
 10
 12
 13
 12
 10
 9
 11
 11
 10
 12
 13
 12
 10
 11
 9
 10
 12
 13
 15
 10
 12
 13
 14
 12
 13
 15
 14
 12
 13
 15
 16
 15
 13
 12
 14
 14
 13
 15
 16
 15
 13
 14
 12
 13
 15
 16
 18
 13
 15
 16
 17
 15
 16
 18
 17
 15
 16
 18
 19
 18
 16
 15
 17
 17
 16
 18
 19
 18
 16
 17
 15
 16
 18
 19
 21
 16
 18
 19
 20
 18
 19
 21
 20
 18
 19
 21
 22
 21
 19
 18
 20
 20
 19
 21
 22
 21
 19
 20
 18
 19
 21
 22
 24
 19
 21
 22
 23
 21
 22
 24
 23
 21
 22
 24
 25
 24
 22
 21
 23
 23
 22
 24
 25
 24
 22
 23
 21
 22
 24
 25
 27
 22
 24
 25
 26
 24
 25
 27
 26
 24
 25
 27
 28
 27
 25
 24
 26
 26
 25
 27
 28
 27
 25
 26
 24
 25
 27
 28
 30
 25
 27
 28
 29
 27
 28
 30
 29
 27
 28
 30
 31
 30
 28
 27
 29
 29
 28
 30
 31
 30
 28
 29
 27
 28
 30
 31
 33
 28
 30
 31
 32
 30
 31
 33
 32
 30
 31
 33
 34
 33
 31
 30
 32
 32
 31
 33
 34
 33
 31
 32
 30
 31
 33
 34
 36
 31
 33
 34
 35
 33
 34
 36
 35
 33
 34
 36
 37
 36
 34
 33
 35
 35
 34
 36
 37
 36
 34
 35
 33
 34
 36
 37
 39
 34
 36
 37
 38
 36
 37
 39
 38
 36
 37
 39
 40
 39
 37
 36
 38
 38
 37
 39
 40
 39
 37
 38
 36
 37
 39
 40
 42
 37
 39
 40
 41
 39
 40
 42
 41
 39
 40
 42
 43
 42
 40
 39
 41
 41
 40
 42
 43
 42
 40
 41
 39
 40
 42
 43
 45
 40
 42
 43
 44
 42
 43
 45
 44
 42
 43
 45
 46
 45
 43
 42
 44
 44
 43
 45
 46
 45
 43
 44
 42
 43
 45
 46
 48
 43
 45
 46
 47
 45
 46
 48
 47
 45
 46
 48
 49
 48
 46
 45
 47
 47
 46
 48
 49
 48
 46
 47
 45
 46
 48
 49
 51
 46
 48
 49
 50
 48
 49
 51
 50
 48
 49
 51
 52
 51
 49
 48
 50
 50
 49
 51
 52
 51
 49
 50
 48
 49
 51
 52
 54
 49
 51
 52
 53
 51
 52
 54
 53
 51
 52
 54
 55
 54
 52
 51
 53
 53
 52
 54
 55
 54
 52
 53
 51
 52
 54
 55
 57
 52
 54
 55
 56
 54
 55
 57
 56
 54
 55
 57
 58
 57
 55
 54
 56
 56
 55
 57
 58
 57
 55
 56
 54
 55
 57
 58
 60
 55
 57
 58
 59
 57
 58
 60
 59
 57
 58
 60
 61
 60
 58
 57
 59
 59
 58
 60
 61
 60
 58
 59
 57
 58
 60
 61
 63
 58
 60
 61
 62
 60
 61
 63
 62
 60
 61
 63
 64
 63
 61
 60
 62
 62
 61
 63
 64
 63
 61
 62
 60
 61
 63
 64
 66
 61
 63
 64
 65
 63
 64
 66
 65
 63
 64
 66
 67
 66
 64
 63
 65
 65
 64
 66
 67
 66
 64
 65
 63
 64
 66
 67
 69
 64
 66
 67
 68
 66
 67
 69
 68
 66
 67
 69
 70
 69
 67
 66
 68
 68
 67
 69
 70
 69
 67
 68
 66
 67
 69
 70
 72
 67
 69
 70
 71
 69
 70
 72
 71
 69
 70
 72
 73
 72
 70
 69
 71
 71
 70
 72
 73
 72
 70
 71
 69
 70
 72
 73
 75
 70
 72
 73
 74
 72
 73
 75
 74
 72
 73
 75
 76
 75
 73
 72
 74
 74
 73
 75
 76
 75
 73
 74
 72
 73
 75
 76
 78
 73
 75
 76
 77
 75
 76
 78
 77
 75
 76
 78
 79
 78
 76
 75
 77
 77
 76
 78
 79
 78
 76
 77
 75
 76
 78
 79
 81
 76
 78
 79
 80
 78
 79
 81
 80
 78
 79
 81
 82
 81
 79
 78
 80
 80
 79
 81
 82
 81
 79
 80
 78
 79
 81
 82
 84
 79
 81
 82
 83
 81
 82
 84
 83
 81
 82
 84
 85
 84
 82
 81
 83
 83
 82
 84
 85
 84
 82
 83
 81
 82
 84
 85
 87
 82
 84
 85
 86
 84
 85
 87
 86
 84
 85
 87
 88
 87
 85
 84
 86
 86
 85
 87
 88
 87
 85
 86
 84
 85
 87
 88
 90
 85
 87
 88
 89
 87
 88
 90
 89
 87
 88
 90
 91
 90
 88
 87
 89
 89
 88
 90
 91
 90
 88
 89
 87
 88
 90
 91
 93
 88
 90
 91
 92
 90
 91
 93
 92
 90
 91
 93
 94
 93
 91
 90
 92
 92
 91
 93
 94
 93
 91
 92
 90
 91
 93
 94
 96
 91
 93
 94
 95
 93
 94
 96
 95
 93
 94
 96
 97
 96
 94
 93
 95
 95
 94
 96
 97
 96
 94
 95
 93
 94
 96
 97
 99
 94
 96
 97
 98
 96
 97
 99
 98
 96
 97
 99
 100
 99
 97
 96
 98
 98
 97
 99
 100
 99
 97
 98
 96
 97
 99
 100
 102
 97
 99
 100
 101
 99
 100
 102
 101
 99
 100
 102
 103
 102
 100
 99
 101
 101
 100
 102
 103
 102
 100
 101
 99
 100
 102
 103
 105
 100
 102
 103
 104
 102
 103
 105
 104
 102
 103
 105
 106
 105
 103
 102
 104
 104
 103
 105
 106
 105
 103
 104
 102
 103
 105
 106
 108
 103
 105
 106
 107
 105
 106
 108
 107
 105
 106
 108
 109
 108
 106
 105
 107
 107
 106
 108
 109
 108
 106
 107
 105
 106
 108
 109
 111
 106
 108
 109
 110
 108
 109
 111
 110
 108
 109
 111
 112
 111
 109
 108
 110
 110
 109
 111
 112
 111
 109
 110
 108
 109
 111
 112
 114
 109
 111
 112
 113
 111
 112
 114
 113
 111
 112
 114
 115
 114
 112
 111
 113
 113
 112
 114
 115
 114
 112
 113
 111
 112
 114
 115
 117
 112
 114
 115
 116
 114
 115
 117
 116
 114
 115
 117
 118
 117
 115
 114
 116
 116
 115
 117
 118
 117
 115
 116
 114
 115
 117
 118
 120
 115
 117
 118
 119
 117
 118
 120
 119
 117
 118
 120
 121
 120
 118
 117
 119
 119
 118
 120
 121
 120
 118
 119
 117
 118
 120
 121
 123
 118
 120
 121
 122
 120
 121
 123
 122
 120
 121
 123
 124
 123
 121
 120
 122
 122
 121
 123
 124
 123
 121
 122
 120
 121
 123
 124
 126
 121
 123
 124
 125
 123
 124
 126
 125
 123
 124
 126
 127
 126
 124
 123
 125
 125
 124
 126
 127
 126
 124
 125
 123
 124
 126
 127
 129
 124
 126
 127
 128
 126
 127
 129
 128
 126
 127
 129
 130
 129
 127
 126
 128
 128
 127
 129
 130
 129
 127
 128
 126
 127
 129
 130
 132
 127
 129
 130
 131
 129
 130
 132
 131
 129
 130
 132
 133
 132
 130
 129
 131
 131
 130
 132
 133
 132
 130
 131
 129
 130
 132
 133
 135
 130
 132
 133
 134
 132
 133
 135
 134
 132
 133
 135
 136
 135
 133
 132
 134
 134
 133
 135
 136
 135
 133
 134
 132
 133
 135
 136
 138
 133
 135
 136
 137
 135
 136
 138
 137
 135
 136
 138
 139
 138
 136
 135
 137
 137
 136
 138
 139
 138
 136
 137
 135
 136
 138
 139
 141
 136
 138
 139
 140
 138
 139
 141
 140
 138
 139
 141
 142
 141
 139
 138
 140
 140
 139
 141
 142
 141
 139
 140
 138
 139
 141
 142
 144
 139
 141
 142
 143
 141
 142
 144
 143
 141
 142
 144
 145
 144
 142
 141
 143
 143
 142
 144
 145
 144
 142
 143
 141
 142
 144
 145
 147
 142
 144
 145
 146
 144
 145
 147
 146
 144
 145
 147
 148
 147
 145
 144
 146
 146
 145
 147
 148
 147
 145
 146
 144
 145
 147
 148
 150
 145
 147
 148
 149
 147
 148
 150
 149
 147
 148
 150
 151
 150
 148
 147
 149
 149
 148
 150
 151
 150
 148
 149
 147
 148
 150
 151
 153
 148
 150
 151
 152
 150
 151
 153
 152
 150
 151
 153
 154
 153
 151
 150
 152
 152
 151
 153
 154
 153
 151
 152
 150
 151
 153
 154
 156
 151
 153
 154
 155
 153
 154
 156
 155
 153
 154
 156
 157
 156
 154
 153
 155
 155
 154
 156
 157
 156
 154
 155
 153
 154
 156
 157
 159
 154
 156
 157
 158
 156
 157
 159
 158
 156
 157
 159
 160
 159
 157
 156
 158
 158
 157
 159
 160
 159
 157
 158
 156
 157
 159
 160
 162
 157
 159
 160
 161
 159
 160
 162
 161
 159
 160
 162
 163
 162
 160
 159
 161
 161
 160
 162
 163
 162
 160
 161
 159
 160
 162
 163
 165
 160
 162
 163
 164
 162
 163
 165
 164
 162
 163
 165
 166
 165
 163
 162
 164
 164
 163
 165
 166
 165
 163
 164
 162
 163
 165
 166
 168
 163
 165
 166
 167
 165
 166
 168
 167
 165
 166
 168
 169
 168
 166
 165
 167
 167
 166
 168
 169
 168
 166
 167
 165
 166
 168
 169
 171
 166
 168
 169
 170
 168
 169
 171
 170
 168
 169
 171
 172
 171
 169
 168
 170
 170
 169
 171
 172
 171
 169
 170
 168
 169
 171
 172
 174
 169
 171
 172
 173
 171
 172
 174
 173
 171
 172
 174
 175
 174
 172
 171
 173
 173
 172
 174
 175
 174
 172
 173
 171
 172
 174
 175
 177
 172
 174
 175
 176
 174
 175
 177
 176
 174
 175
 177
 178
 177
 175
 174
 176
 176
 175
 177
 178
 177
 175
 176
 174
 175
 177
 178
 180
 175
 177
 178
 179
 177
 178
 180
 179
 177
 178
 180
 181
 180
 178
 177
 179
 179
 178
 180
 181
 180
 178
 179
 177
 178
 180
 181
 183
 178
 180
 181
 182
 180
 181
 183
 182
 180
 181
 183
 184
 183
 181
 180
 182
 182
 181
 183
 184
 183
 181
 182
 180
 181
 183
 184
 186
 181
 183
 184
 185
 183
 184
 186
 185
 183
 184
 186
 187
 186
 184
 183
 185
 185
 184
 186
 187
 186
 184
 185
 183
 184
 186
 187
 189
 184
 186
 187
 188
 186
 187
 189
 188
 186
 187
 189
 190
 189
 187
 186
 188
 188
 187
 189
 190
 189
 187
 188
 186
 187
 189
 190
 192
 187
 189
 190
 191
 189
 190
 192
 191
 189
 190
 192
 193
 192
 190
 189
 191
 191
 190
 192
 193
 192
 190
 191
 189
 190
 192
 193
 195
 190
 192
 193
 194
 192
 193
 195
 194
 192
 193
 195
 196
 195
 193
 192
 194
 194
 193
 195
 196
 195
 193
 194
 192
 193
 195
 196
 198
 193
 195
 196
 197
 195
 196
 198
 197
 195
 196
 198
 199
 198
 196
 195
 197
 197
 196
 198
 199
 198
 196
 197
 195
 196
 198
 199
 201
 196
 198
 199
 200
 198
 199
 201
 200
 198
 199
 201
 202
 201
 199
 198
 200
 200
 199
 201
 202
 201
 199
 200
 198
 199
 201
 202
 204
 199
 201
 202
 203
 201
 202
 204
 203
 201
 202
 204
 205
 204
 202
 201
 203
 203
 202
 204
 205
 204
 202
 203
 201
 202
 204
 205
 207
 202
 204
 205
 206
 204
 205
 207
 206
 204
 205
 207
 208
 207
 205
 204
 206
 206
 205
 207
 208
 207
 205
 206
 204
 205
 207
 208
 210
 205
 207
 208
 209
 207
 208
 210
 209
 207
 208
 210
 211
 210
 208
 207
 209
 209
 208
 210
 211
 210
 208
 209
 207
 208
 210
 211
 212
