#! FIELDS time rmsd
 0.050000 0.232862
 0.100000 0.396360
 0.150000 0.530598
 0.200000 0.652336
 0.250000 0.753564
 0.300000 0.841061
 0.350000 0.921684
 0.400000 0.996596
 0.450000 1.067259
 0.500000 1.135617
 0.550000 1.200592
 0.600000 1.267560
 0.650000 1.332554
 0.700000 1.391424
 0.750000 1.444066
 0.800000 1.493332
 0.850000 1.546049
 0.900000 1.597916
 0.950000 1.642081
 1.000000 1.685723
 1.050000 1.734123
 1.100000 1.785570
 1.150000 1.834768
 1.200000 1.881379
 1.250000 1.927327
 1.300000 1.970460
 1.350000 2.008031
 1.400000 2.043325
 1.450000 2.080809
 1.500000 2.115363
 1.550000 2.155004
 1.600000 2.196400
 1.650000 2.240069
 1.700000 2.282793
 1.750000 2.323551
 1.800000 2.361679
 1.850000 2.400067
 1.900000 2.438464
 1.950000 2.476936
 2.000000 2.512834
 2.050000 2.548467
 2.100000 2.585000
 2.150000 2.619741
 2.200000 2.657389
 2.250000 2.693518
 2.300000 2.728264
 2.350000 2.758420
 2.400000 2.789223
 2.450000 2.820282
 2.500000 2.853317
 2.550000 2.888276
 2.600000 2.924370
 2.650000 2.952904
 2.700000 2.975610
 2.750000 2.998207
 2.800000 3.021624
 2.850000 3.041933
 2.900000 3.063605
 2.950000 3.086595
 3.000000 3.109432
 3.050000 3.135084
 3.100000 3.161958
 3.150000 3.185204
 3.200000 3.205561
 3.250000 3.222958
 3.300000 3.238412
 3.350000 3.256229
 3.400000 3.274819
 3.450000 3.291149
 3.500000 3.303622
 3.550000 3.314895
 3.600000 3.325127
 3.650000 3.331236
 3.700000 3.334533
 3.750000 3.342538
 3.800000 3.352833
 3.850000 3.358800
 3.900000 3.364567
 3.950000 3.367556
 4.000000 3.371740
 4.050000 3.374778
 4.100000 3.383263
 4.150000 3.397243
 4.200000 3.408827
 4.250000 3.417935
 4.300000 3.425228
 4.350000 3.435397
 4.400000 3.450188
 4.450000 3.465118
 4.500000 3.480487
 4.550000 3.496381
 4.600000 3.516281
 4.650000 3.536583
 4.700000 3.556255
 4.750000 3.574330
 4.800000 3.591182
 4.850000 3.603988
 4.900000 3.613938
 4.950000 3.622162
 5.000000 3.632359
